3.1415926535
897932384626
433832795028
841971693993
751058209749
445923078164
062862089986
280348253421
170679821480
865132823066
470938446095
505822317253
594081284811
174502841027
019385211055
596446229489
549303819644
288109756659
334461284756
482337867831
652712019091
45648566923460348610454326648213393607260249141273724
5870066063155881748815209209628292540917153643678925903
26099124608051243884390451244136549762780797715691435997
70012961608944169486855584840635342207222582848864815845
60285060168427394522674676788952521385225499546667278239
864565961163548862305774564980355936345681743241125150760
694794510965960940252288797108931456691368672287489405601
015033086179286809208747609178249385890097149096759852613
655497818931297848216829989487226588048575640142704775551
323796414515237462343645428584447952658678210511413547357
395231134271661021359695362314429524849371871101457654035
902799344037420073105785390621983874478084784896833214457
138687519435064302184531910484810053706146806749192781911
979399520614196634287544406437451237181921799983910159195
618146751426912397489409071864942319615679452080951465502
252316038819301420937621378559566389377870830390697920773
467221825625996615014215030680384477345492026054146659252
014974428507325186660021324340881907104863317346496514539
057962685610055081066587969981635747363840525714591028970
641401109712062804390397595156771577004203378699360072305
587631763594218731251471205329281918261861258673215791984
148488291644706095752706957220917567116722910981690915280
173506712748583222871835209353965725121083579151369882091
444210067510334671103141267111369908658516398315019701651
511685171437657618351556508849099898599823873455283316355
076479185358932261854896321329330898570642046752590709154
814165498594616371802709819943099244889575712828905923233
260972997120844335732654893823911932597463667305836041428
138830320382490375898524374417029132765618093773444030707
469211201913020330380197621101100449293215160842444859637
669838952286847831235526582131449576857262433441893039686
426243410773226978028073189154411010446823252716201052652
272111660396665573092547110557853763466820653109896526918
620564769312570586356620185581007293606598764861179104533
488503461136576867532494416680396265797877185560845529654
126654085306143444318586769751456614068007002378776591344
017127494704205622305389945613140711270004078547332699390
814546646458807972708266830634328587856983052358089330657
574067954571637752542021149557615814002501262285941302164
715509792592309907965473761255176567513575178296664547791
74501129961489030463994713
